Parameter S1 S1_conf ST ST_conf
Tmax 0.072139 0.055180 0.113618 0.014903
h 0.000110 0.023886 0.020470 0.006788
Carbon 0.259227 0.097096 0.310752 0.027121
Hydrogen 0.220401 0.089699 0.285380 0.028845
k0 -0.000706 0.009951 0.003789 0.000910
k1 -0.002034 0.007370 0.001635 0.000394
k2 0.000059 0.010981 0.004106 0.000564
k3 0.004355 0.015679 0.008063 0.001656
k4 -0.000168 0.008411 0.002475 0.000595
k5 -0.001965 0.005054 0.000813 0.000233
k6 -0.019312 0.019604 0.012184 0.003365
k7 -0.011905 0.014400 0.007760 0.002310
k8 -0.003257 0.013105 0.005944 0.001084
k9 0.001853 0.003317 0.000383 0.000095
k10 -0.002356 0.004777 0.000630 0.001276
k11 -0.000169 0.000436 0.000004 0.000003
k12 0.000072 0.002515 0.000256 0.000140
k13 -0.000357 0.000503 0.000009 0.000012
k14 -0.004883 0.013833 0.006298 0.001059
k15 0.001870 0.010123 0.003890 0.000771
k16 -0.000360 0.000678 0.000017 0.000005
k17 0.001954 0.010032 0.003582 0.000600
k18 0.000387 0.001305 0.000065 0.000037
k19 0.001305 0.004419 0.000620 0.000347
k20 -0.004985 0.009804 0.003416 0.001344
k21 0.007459 0.031517 0.033609 0.005905
k22 0.001791 0.002681 0.000197 0.000129
k23 0.000394 0.012499 0.005321 0.000783
k24 0.000021 0.000195 0.000002 0.000000
k25 0.003660 0.004663 0.000725 0.000418
k26 -0.000870 0.008122 0.002058 0.001576
k27 -0.000019 0.000040 0.000000 0.000000
k28 0.004373 0.014883 0.008130 0.001292
k29 -0.003769 0.005806 0.001284 0.000679
k30 -0.000027 0.020329 0.012709 0.002401
k31 0.006986 0.025533 0.022076 0.003906
k32 -0.000091 0.001735 0.000126 0.000078
k33 -0.000092 0.000603 0.000016 0.000010
k34 0.032396 0.033547 0.035112 0.004622
k35 0.004650 0.012819 0.005118 0.001178
k36 0.000060 0.000149 0.000002 0.000002
k37 0.000033 0.000051 0.000000 0.000000
k38 0.086138 0.067332 0.139357 0.014028
k39 -0.002390 0.020028 0.011823 0.002580
k40 -0.001463 0.003771 0.000223 0.000427
k41 -0.000898 0.002895 0.000203 0.000103
k42 -0.004218 0.018207 0.010794 0.001734
k43 -0.000839 0.004538 0.000544 0.000178
k44 -0.000074 0.000207 0.000001 0.000001
k45 0.000003 0.000840 0.000022 0.000012
k46 -0.000952 0.002549 0.000179 0.000064
k47 -0.000312 0.000663 0.000014 0.000015
k48 -0.009721 0.028385 0.026951 0.003295
k49 0.000225 0.005380 0.000926 0.000188
k50 0.007539 0.023412 0.016707 0.002695
k51 -0.001542 0.007185 0.001675 0.000479
k52 -0.000370 0.013555 0.006502 0.001548
k53 -0.004300 0.009068 0.002663 0.000426
k54 0.002591 0.008745 0.002362 0.000435
k55 0.003023 0.008162 0.002042 0.000470
k56 0.001941 0.005011 0.000871 0.000284
k57 0.001214 0.007267 0.001756 0.000400
k58 -0.001402 0.004959 0.000871 0.000581
k59 0.000003 0.000014 0.000000 0.000000
k60 0.000003 0.000006 0.000000 0.000000
k61 -0.001131 0.004628 0.000684 0.000231
k62 0.000235 0.000466 0.000006 0.000004
k63 0.002919 0.003842 0.000422 0.000133
k64 0.000000 0.000015 0.000000 0.000000
k65 0.000008 0.000019 0.000000 0.000000
k66 -0.000006 0.000009 0.000000 0.000000
k67 0.000104 0.000354 0.000003 0.000002
k68 -0.003965 0.004930 0.000786 0.000184
k69 -0.000959 0.001633 0.000080 0.000025
k70 0.000189 0.004520 0.000634 0.000161
k71 -0.000334 0.000570 0.000011 0.000013
k72 -0.000002 0.000008 0.000000 0.000000
k73 0.000516 0.005093 0.000821 0.000294
k74 -0.000001 0.000002 0.000000 0.000000
k75 0.001589 0.002415 0.000194 0.000096
k76 -0.000005 0.000009 0.000000 0.000000
k77 -0.000542 0.001088 0.000022 0.000043
k78 -0.000125 0.000242 0.000004 0.000009
k79 0.000910 0.001139 0.000075 0.000070
k80 0.001461 0.017859 0.010332 0.001762
k81 0.015552 0.011819 0.004398 0.001519
k82 -0.001135 0.022021 0.016569 0.002557
k83 0.001478 0.002205 0.000132 0.000058
k84 -0.000018 0.000157 0.000001 0.000001
k85 0.000007 0.000119 0.000000 0.000000
k86 0.003986 0.027417 0.026022 0.004257
k87 -0.003243 0.005521 0.001073 0.000415
k88 -0.000774 0.001597 0.000093 0.000043
k89 0.000687 0.002590 0.000176 0.000115
k90 0.000302 0.000370 0.000003 0.000003
k91 0.001858 0.001394 0.000085 0.000070
k92 0.010041 0.007986 0.002262 0.000507
k93 -0.000338 0.002208 0.000171 0.000263
k94 -0.000001 0.000002 0.000000 0.000000
k95 -0.000001 0.000002 0.000000 0.000000
k96 -0.000001 0.000002 0.000000 0.000000
k97 -0.000005 0.000010 0.000000 0.000000
k98 -0.000001 0.000002 0.000000 0.000000
k99 -0.000001 0.000002 0.000000 0.000000
k100 -0.000002 0.000003 0.000000 0.000000
k101 0.000019 0.000230 0.000002 0.000001
k102 -0.000001 0.000002 0.000000 0.000000
k103 -0.000546 0.001087 0.000022 0.000043
k104 -0.009853 0.014276 0.007225 0.001097
k105 -0.001177 0.016867 0.009338 0.002045
k106 0.017040 0.016015 0.009451 0.002247
k107 0.001457 0.010115 0.003429 0.000687
k108 0.006200 0.040682 0.058230 0.009897
k109 0.001453 0.006133 0.001050 0.000275
k110 -0.003683 0.010602 0.003819 0.001250
k111 -0.000544 0.001087 0.000022 0.000043
k112 -0.000002 0.000004 0.000000 0.000000
k113 -0.000001 0.000002 0.000000 0.000000
k114 -0.000002 0.000005 0.000000 0.000000
k115 -0.002102 0.003816 0.000639 0.001219
k116 -0.000234 0.000443 0.000006 0.000012
k117 -0.000241 0.000762 0.000024 0.000011
k118 -0.000562 0.000935 0.000032 0.000013
k119 -0.001922 0.002200 0.000161 0.000041
k120 0.000003 0.000017 0.000000 0.000000
k121 0.000050 0.000312 0.000003 0.000002
k122 -0.000005 0.000005 0.000000 0.000000
k123 -0.000002 0.000005 0.000000 0.000000
k124 -0.000667 0.001130 0.000026 0.000045
k125 -0.000010 0.000030 0.000000 0.000000
k126 -0.000001 0.000024 0.000000 0.000000
k127 -0.000285 0.000406 0.000005 0.000003
k128 -0.000040 0.000067 0.000000 0.000000
k129 -0.000385 0.000802 0.000022 0.000008
k130 -0.002356 0.004776 0.000630 0.001275
k131 -0.000001 0.000002 0.000000 0.000000
k132 -0.000002 0.000003 0.000000 0.000000
k133 -0.000005 0.000008 0.000000 0.000000
k134 -0.000001 0.000002 0.000000 0.000000
k135 0.000001 0.000004 0.000000 0.000000
k136 0.000002 0.000509 0.000008 0.000004
k137 -0.000001 0.000008 0.000000 0.000000
k138 0.001538 0.002900 0.000182 0.000151
k139 0.000571 0.001275 0.000040 0.000016
k140 0.000037 0.002308 0.000179 0.000052
k141 -0.000012 0.000020 0.000000 0.000000
k142 -0.000193 0.000590 0.000012 0.000005
k143 -0.000002 0.000006 0.000000 0.000000
k144 -0.000004 0.000005 0.000000 0.000000
k145 0.000003 0.000010 0.000000 0.000000
k146 -0.000031 0.000086 0.000000 0.000000
k147 -0.000001 0.000045 0.000000 0.000000
k148 0.000439 0.000770 0.000018 0.000011
k149 0.000024 0.000068 0.000000 0.000000
k150 -0.000507 0.000880 0.000024 0.000008
k151 -0.000000 0.000007 0.000000 0.000000
k152 -0.000001 0.000003 0.000000 0.000000
k153 -0.000002 0.000003 0.000000 0.000000
k154 0.000006 0.000008 0.000000 0.000000
k155 -0.000006 0.000010 0.000000 0.000000
k156 -0.000006 0.000012 0.000000 0.000000
k157 0.000207 0.000685 0.000014 0.000006
k158 -0.000055 0.000062 0.000000 0.000000
k159 -0.001181 0.003602 0.000346 0.000194
k160 0.000952 0.001990 0.000124 0.000043
k161 -0.001313 0.004262 0.000493 0.000294
k162 0.000025 0.000048 0.000000 0.000000
k163 -0.000533 0.000699 0.000017 0.000010
k164 -0.000011 0.000031 0.000000 0.000000
k165 -0.002355 0.004777 0.000630 0.001275
k166 -0.000001 0.000010 0.000000 0.000000
k167 0.000008 0.000219 0.000002 0.000002
k168 -0.000024 0.000138 0.000001 0.000001
k169 0.000119 0.000958 0.000024 0.000014
k170 -0.000148 0.000342 0.000006 0.000007
k171 -0.000946 0.001531 0.000083 0.000038
k172 -0.000017 0.000078 0.000001 0.000001
k173 -0.004806 0.008830 0.002526 0.004647
k174 -0.000544 0.001088 0.000022 0.000043
k175 0.000012 0.000081 0.000000 0.000000
k176 -0.000000 0.000119 0.000000 0.000000
k177 -0.000015 0.000012 0.000000 0.000000
k178 -0.000397 0.001058 0.000039 0.000014
k179 0.000455 0.001299 0.000062 0.000034
k180 0.000051 0.000395 0.000006 0.000004
k181 -0.004135 0.010377 0.003267 0.000590
k182 0.000000 0.000000 0.000000 0.000000
k183 -0.000070 0.000291 0.000003 0.000001
k184 -0.000038 0.001274 0.000069 0.000032
k185 0.000332 0.000490 0.000007 0.000003
k186 -0.000394 0.000617 0.000016 0.000010
k187 -0.000012 0.000082 0.000000 0.000000
k188 -0.000556 0.001072 0.000036 0.000014
k189 0.000081 0.000517 0.000014 0.000006
k190 -0.000560 0.001892 0.000182 0.000091
k191 0.000012 0.001235 0.000042 0.000014
k192 0.001401 0.005512 0.001007 0.000225
k193 0.001675 0.002219 0.000117 0.000041
k194 -0.000338 0.000342 0.000003 0.000002
k195 -0.000001 0.000012 0.000000 0.000000
k196 0.000018 0.000060 0.000000 0.000000
k197 -0.000021 0.000085 0.000000 0.000000
k198 -0.000011 0.000011 0.000000 0.000000
k199 -0.000190 0.000600 0.000015 0.000005
k200 0.000444 0.000690 0.000018 0.000009
k201 0.000187 0.000483 0.000004 0.000003
k202 0.000000 0.000000 0.000000 0.000000
k203 0.004398 0.008948 0.002853 0.000523
k204 -0.000235 0.000386 0.000005 0.000001
k205 -0.000941 0.002944 0.000313 0.000511
k206 -0.000239 0.000264 0.000003 0.000002
k207 -0.000517 0.000830 0.000018 0.000018
k208 -0.000005 0.000079 0.000000 0.000000
k209 -0.000175 0.000738 0.000016 0.000005
k210 -0.000449 0.000582 0.000022 0.000022
k211 -0.000102 0.002297 0.000171 0.000071
k212 -0.000101 0.001202 0.000049 0.000018
k213 -0.000605 0.004704 0.000911 0.000192
k214 -0.001405 0.002230 0.000144 0.000048
k215 -0.000153 0.000558 0.000011 0.000012
k216 0.000003 0.000020 0.000000 0.000000
k217 -0.000003 0.000003 0.000000 0.000000
k218 0.000004 0.000008 0.000000 0.000000
k219 -0.000003 0.000004 0.000000 0.000000
k220 0.000002 0.000026 0.000000 0.000000
k221 0.000000 0.000000 0.000000 0.000000
k222 -0.000001 0.000002 0.000000 0.000000
k223 0.001861 0.001095 0.000040 0.000015
k224 0.000642 0.000705 0.000021 0.000012
k225 0.000113 0.000158 0.000001 0.000001
k226 -0.000176 0.000481 0.000007 0.000012
k227 -0.000247 0.000444 0.000006 0.000012
k228 -0.000012 0.000075 0.000000 0.000000
k229 -0.000006 0.000011 0.000000 0.000000
k230 -0.000002 0.000207 0.000001 0.000001
k231 -0.000003 0.000056 0.000000 0.000000
k232 0.000408 0.000522 0.000009 0.000008
k233 0.000199 0.000472 0.000009 0.000004
k234 -0.000003 0.000472 0.000009 0.000003
k235 -0.000878 0.001386 0.000095 0.000175
k236 0.000056 0.000202 0.000002 0.000001
k237 -0.000001 0.000003 0.000000 0.000000
k238 -0.000022 0.000024 0.000000 0.000000
k239 0.000011 0.000020 0.000000 0.000000
k240 0.000000 0.000008 0.000000 0.000000
k241 0.000000 0.000000 0.000000 0.000000
k242 -0.000281 0.000518 0.000009 0.000017
k243 -0.000039 0.000060 0.000000 0.000000
k244 0.000251 0.000694 0.000018 0.000012
k245 -0.000152 0.000815 0.000026 0.000009
k246 -0.000005 0.000034 0.000000 0.000000
k247 -0.000040 0.000306 0.000003 0.000002
k248 -0.001144 0.001970 0.000297 0.000609
k249 -0.000004 0.000006 0.000000 0.000000
k250 -0.000000 0.000013 0.000000 0.000000
k251 0.000152 0.000182 0.000002 0.000003
k252 -0.000093 0.000101 0.000001 0.000000
k253 -0.000036 0.000059 0.000000 0.000000
k254 -0.000066 0.000274 0.000002 0.000002
k255 -0.000047 0.000275 0.000003 0.000001
k256 -0.000007 0.000059 0.000000 0.000000
k257 -0.000236 0.000442 0.000006 0.000012
k258 -0.000001 0.000006 0.000000 0.000000
k259 -0.000034 0.000060 0.000000 0.000000
k260 -0.000023 0.000029 0.000000 0.000000
k261 -0.000002 0.000004 0.000000 0.000000
k262 0.000026 0.000127 0.000001 0.000000
k263 0.000021 0.000056 0.000000 0.000000
k264 -0.000017 0.000036 0.000000 0.000000
k265 -0.000159 0.001185 0.000046 0.000017
k266 0.000063 0.000585 0.000012 0.000003
k267 0.000097 0.000187 0.000001 0.000000
k268 -0.000082 0.000269 0.000003 0.000002
k269 0.000070 0.000080 0.000000 0.000000
k270 -0.000063 0.000099 0.000000 0.000000
k271 -0.000015 0.000020 0.000000 0.000000
k272 0.000093 0.000403 0.000006 0.000003
k273 -0.000542 0.001094 0.000022 0.000043
k274 -0.000064 0.000428 0.000006 0.000003
k275 0.000089 0.000595 0.000012 0.000012
k276 0.000109 0.000759 0.000019 0.000006
k277 -0.000115 0.000545 0.000011 0.000006
k278 0.000044 0.000187 0.000001 0.000000
k279 0.000001 0.000005 0.000000 0.000000
k280 0.000017 0.000035 0.000000 0.000000
k281 0.000360 0.000743 0.000025 0.000017
k282 -0.000004 0.000004 0.000000 0.000000
k283 -0.000011 0.000011 0.000000 0.000000
k284 -0.000123 0.000242 0.000004 0.000009
k285 -0.000001 0.000002 0.000000 0.000000
k286 -0.000715 0.001223 0.000044 0.000024
k287 -0.000109 0.000212 0.000001 0.000001
k288 -0.000586 0.002141 0.000161 0.000098
k289 -0.000006 0.000036 0.000000 0.000000
k290 -0.002114 0.002728 0.000226 0.000098
k291 0.002341 0.007683 0.001727 0.000440
k292 -0.000175 0.000446 0.000007 0.000012
k293 0.000994 0.009528 0.002878 0.000557
k294 -0.000552 0.001697 0.000102 0.000047
k295 0.000612 0.010325 0.003765 0.000748
k296 -0.000675 0.001230 0.000051 0.000016
k297 -0.000558 0.007900 0.001892 0.000352
k298 0.003495 0.005840 0.001171 0.000315
k299 0.007305 0.011628 0.004546 0.001052
k300 -0.000001 0.000250 0.000001 0.000001
k301 -0.000030 0.000160 0.000001 0.000001
k302 -0.000950 0.003299 0.000218 0.000139
k303 0.000015 0.000029 0.000000 0.000000
k304 -0.000017 0.000105 0.000000 0.000000
k305 -0.000043 0.000086 0.000000 0.000000
k306 -0.000018 0.000040 0.000000 0.000000
k307 -0.000641 0.001646 0.000077 0.000035
k308 0.000018 0.000588 0.000013 0.000006
k309 0.000023 0.000825 0.000027 0.000010
k310 -0.000175 0.000317 0.000001 0.000001
k311 -0.000513 0.006283 0.001011 0.000389
k312 -0.004007 0.016313 0.008589 0.002098
k313 0.000077 0.000200 0.000001 0.000001
k314 -0.000124 0.010971 0.004339 0.001200
k315 0.000000 0.000000 0.000000 0.000000
k316 -0.003254 0.024262 0.018309 0.003070
k317 -0.000265 0.001133 0.000043 0.000013
k318 0.003856 0.016903 0.008350 0.001336
k319 0.009503 0.011311 0.004058 0.000909
k320 -0.003912 0.005903 0.001108 0.000252
k321 0.000695 0.001532 0.000040 0.000057
k322 0.000143 0.000207 0.000001 0.000001
k323 -0.001682 0.003083 0.000221 0.000157
k324 -0.000005 0.000013 0.000000 0.000000
k325 0.000021 0.000130 0.000002 0.000002
k326 0.000009 0.000125 0.000001 0.000001
k327 -0.000717 0.001335 0.000091 0.000175
k328 -0.000731 0.001127 0.000055 0.000032
k329 0.000265 0.001214 0.000030 0.000045
k330 -0.001182 0.001462 0.000068 0.000032
k331 0.000072 0.000310 0.000002 0.000001
k332 -0.001483 0.004834 0.000897 0.000389
k333 0.007918 0.018858 0.009870 0.002270
k334 0.000065 0.000301 0.000002 0.000002
k335 0.000000 0.000000 0.000000 0.000000
k336 -0.006189 0.007898 0.002295 0.001103
k337 -0.000688 0.025123 0.017839 0.002571
k338 0.000412 0.000930 0.000025 0.000007
k339 -0.002659 0.015060 0.008234 0.001202
k340 0.010063 0.013968 0.005883 0.001130
k341 0.003401 0.009521 0.003078 0.000637
k342 0.000928 0.001149 0.000025 0.000022
k343 -0.000023 0.000100 0.000000 0.000000
k344 0.000000 0.000000 0.000000 0.000000
k345 -0.000015 0.000028 0.000000 0.000000
k346 -0.000007 0.000009 0.000000 0.000000
k347 -0.000548 0.001087 0.000022 0.000043
k348 -0.000546 0.001087 0.000022 0.000043
k349 -0.000007 0.000239 0.000001 0.000001
k350 0.000079 0.000169 0.000001 0.000001
k351 0.000161 0.000393 0.000003 0.000002
k352 -0.000642 0.001105 0.000022 0.000043
k353 0.000045 0.000705 0.000013 0.000010
k354 -0.000439 0.001908 0.000103 0.000039
k355 -0.000079 0.000156 0.000000 0.000001
k356 0.001596 0.003878 0.000440 0.000361
k357 -0.000414 0.001786 0.000092 0.000079
k358 0.002214 0.002783 0.000270 0.000098
k359 0.000054 0.000351 0.000004 0.000004
k360 -0.001524 0.002188 0.000144 0.000032
k361 -0.000592 0.001051 0.000039 0.000013
k362 0.001214 0.004042 0.000570 0.000189
k363 -0.000008 0.000049 0.000000 0.000000
k364 0.000020 0.000022 0.000000 0.000000
k365 0.000057 0.000056 0.000000 0.000000
k366 0.000000 0.000004 0.000000 0.000000
k367 -0.000003 0.000009 0.000000 0.000000
k368 -0.000001 0.000003 0.000000 0.000000
k369 -0.000001 0.000002 0.000000 0.000000
k370 0.000003 0.000008 0.000000 0.000000
k371 -0.000542 0.001087 0.000022 0.000043
k372 -0.000008 0.000026 0.000000 0.000000
k373 -0.000236 0.000443 0.000006 0.000012
k374 -0.000132 0.000155 0.000001 0.000000
k375 -0.000011 0.000047 0.000000 0.000000
k376 -0.000002 0.000012 0.000000 0.000000
k377 0.000807 0.001453 0.000034 0.000058
k378 0.000621 0.000749 0.000009 0.000010
k379 -0.000036 0.000079 0.000000 0.000000
k380 0.000001 0.000005 0.000000 0.000000
k381 -0.000174 0.000454 0.000007 0.000012
k382 0.000026 0.000061 0.000000 0.000000
k383 -0.000121 0.000247 0.000004 0.000009
k384 0.000000 0.000000 0.000000 0.000000
k385 -0.000083 0.000181 0.000001 0.000001
k386 -0.000082 0.000364 0.000005 0.000004
k387 0.000001 0.000006 0.000000 0.000000
k388 -0.000007 0.000052 0.000000 0.000000
k389 -0.000016 0.000036 0.000000 0.000000
k390 0.000000 0.000003 0.000000 0.000000
k391 -0.000185 0.000380 0.000007 0.000005
k392 -0.000148 0.000368 0.000004 0.000003
k393 -0.000273 0.000828 0.000015 0.000013
k394 0.000135 0.000208 0.000001 0.000002
k395 0.000000 0.000000 0.000000 0.000000
k396 -0.000487 0.001874 0.000121 0.000054
k397 0.000039 0.000137 0.000001 0.000001
k398 0.004910 0.006935 0.001628 0.000701
k399 -0.001781 0.002319 0.000163 0.000065
k400 -0.001762 0.002411 0.000203 0.000056
k401 -0.000306 0.000340 0.000003 0.000002
k402 -0.003055 0.003812 0.000372 0.000188
k403 0.000645 0.001611 0.000089 0.000019
k404 -0.000653 0.002613 0.000283 0.000113
k405 -0.000047 0.000155 0.000001 0.000001